postfix -> 2d61646d696e
3 53330 2d61646d696e
3 6 2d61646d696e
3 436 2d61646d696e
3 432 2d61646d696e
3 53635 2d61646d696e
3 13733 2d61646d696e
3 43731 2d61646d696e
3 731 2d61646d696e
3 53133 2d61646d696e

1(3)5(3)6
3(3)1(3)3
635
731
13634
934
43430
53839
838
13039
53134
23730
43433
13638
53732
63234
13334
23930
23836
43735

43035
13639
63037
232
23330
53236
23238
53534
63333
43934
433
23936
63334
43239
139
53337
337
33530
53036
13735

23431
53330
13336
13338
43037
43937
53033
33035
937
33735
13637
33539
43834
33738
13334
53032
13237
535
43739
1

43933
33238
23535
 13031
43339
43734
13730
330
43935
53638
23637
63037
33931
23735
23530
13739
933
53332
23236
33635